Court,State,Judge,Tdecisions,Pgrant,Pother,Pdeny
Adelanto,California,"Depowell, Bryan E.",110,4.5,6.4,89.1
Adelanto,California,"Penalosa, Jose Luis, Jr.",248,22.6,2,75.4
Adelanto,California,"Left, James M.",396,21.2,4.3,74.5
Adelanto,California,"Walker, Nathaniel B.",166,20.5,9,70.5
Adelanto,California,"Lee, Amy T.",446,26.7,6.5,66.8
Adelanto,California,"Santos-Garcia, Sandra J.",258,30.6,5,64.3
Adelanto,California,"Simons, Ian R.",107,39.3,0,60.7
Adelanto,California,"Bjornerud, Maria",237,51.1,2.5,46.4
,,,,,,
Arlington,Virginia,"White, David",151,4.6,0,95.4
Arlington,Virginia,"O'Brien, Matthew",272,5.9,0.4,93.8
Arlington,Virginia,"McCloskey, Paul A.",770,10,1,89
Arlington,Virginia,"Bain, Quynh Vu",641,23.4,0.8,75.8
Arlington,Virginia,"Choi, Raphael",540,28.1,0.4,71.5
Arlington,Virginia,"Torg, Cynthia S.",570,29.5,1.4,69.1
Arlington,Virginia,"Barnes, John C.",289,35.6,0.7,63.7
Arlington,Virginia,"Spath, Vance H.",532,38.5,0.2,61.3
Arlington,Virginia,"Hladylowycz, Roxanne C.",208,37,2.4,60.6
Arlington,Virginia,"Cardona, Lisa De",189,36,3.7,60.3
Arlington,Virginia,"Farrar-Crockett, Emily",214,39.7,2.8,57.5
Arlington,Virginia,"Donoso-Stevens, Karen",266,41.4,1.9,56.8
Arlington,Virginia,"Snow, Thomas G.",338,44.7,2.1,53.3
Arlington,Virginia,"Manuel, Elise",228,46.5,4.4,49.1
Arlington,Virginia,"Kelly, Wynne P.",308,50.6,1.3,48.1
Arlington,Virginia,"Bryant, John Milo",274,51.1,1.1,47.8
Arlington,Virginia,"Nadkarni, Deepali",421,49.6,2.6,47.7
Arlington,Virginia,"Mendez, Francisco",615,50.2,2.4,47.3
Arlington,Virginia,"Perlman, Helaine R.",231,49.8,3,47.2
Arlington,Virginia,"Lukose, Lolita M.",380,53.4,0.5,46.1
Arlington,Virginia,"Owens, Robert P.",298,59.1,1.3,39.6
Arlington,Virginia,"Hong, J. Traci",180,66.1,0.6,33.3
Arlington,Virginia,"Soper, Emmett D.",534,65.4,2.4,32.2
Arlington,Virginia,"Kaplan, Elliot",150,70.7,2,27.3
Arlington,Virginia,"Burman, Lawrence O.",645,82.6,4.5,12.9
,,,,,,
Atlanta,Georgia,"Wilson, Earle B.",178,1.7,0,98.3
Atlanta,Georgia,"Gillies, John M.",295,2,0.3,97.6
Atlanta,Georgia,"Criss, Scott D.",133,3,0.8,96.2
Atlanta,Georgia,"Farrar-Crockett, Emily",367,4.6,0,95.4
Atlanta,Georgia,"Maldonado, Njeri B.",513,6.8,0,93.2
Atlanta,Georgia,"Taylor, Philip P.",149,4.7,2.7,92.6
Atlanta,Georgia,"Fisher, Ryan",220,10.5,1.8,87.7
Atlanta,Georgia,"Doughty, Blake",318,12.6,0,87.4
Atlanta,Georgia,"Barr, Philip A.",301,13,0.7,86.4
Atlanta,Georgia,"Schnitzer, Michael",113,11.5,7.1,81.4
Atlanta,Georgia,"Watson, Bryan D.",195,27.2,0,72.8
,,,,,,
Atlanta - ATD,Georgia,"Gallow, Sheila E.",100,11,2,87
,,,,,,
Aurora,Colorado,"Sims, Deitrich H.",149,2,6.7,91.3
Aurora,Colorado,"McGrail, Elizabeth H.",320,26.6,6.9,66.6
Aurora,Colorado,"Caley, Steven",352,27.3,8.5,64.2
Aurora,Colorado,"Carbone, Nina M.",373,46.6,2.4,50.9
,,,,,,
Baltimore,Maryland,"Williams, Phillip T.",1436,26.9,3.1,70
Baltimore,Maryland,"Jones, David M.",194,30.9,3.6,65.5
Baltimore,Maryland,"Padilla, Nelson Vargas",1109,36.1,1.1,62.8
Baltimore,Maryland,"Crosland, David W.",1204,40.9,1.2,58
Baltimore,Maryland,"Kessler, Elizabeth A.",637,46,2.2,51.8
Baltimore,Maryland,"Mahasa, Zakia",944,50.8,1.2,48
Baltimore,Maryland,"Verma, Dinesh C.",577,54.1,1.6,44.4
Baltimore,Maryland,"Koelsch, David",1418,58.1,0.8,41.1
Baltimore,Maryland,"Dornell, Lisa",259,62.5,0.4,37.1
Baltimore,Maryland,"Hartye, Alice S.",194,74.7,4.1,21.1
Baltimore,Maryland,"Slavin, Denise N.",434,86.9,0,13.1
Baltimore,Maryland,"Weil, Jack H.",120,86.7,1.7,11.7
,,,,,,
Batavia,New York,"Aikman, Susan F.",123,6.5,11.4,82.1
,,,,,,
Bloomington,Minnesota,"Miller, Monte G.",464,11.2,3,85.8
Bloomington,Minnesota,"Ward, George James",183,17.5,1.1,81.4
Bloomington,Minnesota,"Sardelli, Brian",387,18.3,0.5,81.1
Bloomington,Minnesota,"Olmanson, Kristin W.",123,18.7,2.4,78.9
Bloomington,Minnesota,"Mazzie, Sarah B.",568,21,1.1,78
Bloomington,Minnesota,"Cardona, Lisa De",284,22.9,1.4,75.7
Bloomington,Minnesota,"Wood, Ryan R.",183,24.6,2.2,73.2
Bloomington,Minnesota,"Dierkes, Joseph R.",232,30.2,0,69.8
Bloomington,Minnesota,"Auh, Kyung S.",188,39.4,2.1,58.5
Bloomington,Minnesota,"Carr, M. Audrey",298,43.3,1.3,55.4
Bloomington,Minnesota,"Sagerman, Roger F.",184,51.1,0.5,48.4
Bloomington,Minnesota,"Hansen, Katherine L.",360,60.3,4.4,35.3
,,,,,,
Boston,Massachusetts,"Robertson, David",127,5.5,0,94.5
Boston,Massachusetts,"Mulcahy, Jennifer A",111,17.1,0.9,82
Boston,Massachusetts,"Roe, Adrian N.",107,26.2,0.9,72.9
Boston,Massachusetts,"Terrien, Jeb",234,27.8,0,72.2
Boston,Massachusetts,"Kahan, Michelle",444,30,0.7,69.4
Boston,Massachusetts,"Furlong, John M., Jr.",334,33.2,0.9,65.9
Boston,Massachusetts,"Napier, Wade Thomas",127,36.2,2.4,61.4
Boston,Massachusetts,"Saldana Mistry, Lucero",104,37.5,1.9,60.6
Boston,Massachusetts,"Masters, Todd A.",713,40,1,59
Boston,Massachusetts,"Tregerman, Gwendylan E.",718,41.1,0.6,58.4
Boston,Massachusetts,"Jalelian, Lincoln S.",231,39.8,2.6,57.6
Boston,Massachusetts,"Sturla, Mario J.",1110,40.7,2.3,56.9
Boston,Massachusetts,"Cato, Richard",137,43.1,4.4,52.6
Boston,Massachusetts,"D'Angelo, Matthew J.",160,47.5,0,52.5
Boston,Massachusetts,"Cade, Sarah",786,48.5,1.8,49.7
Boston,Massachusetts,"Rusher, Marna M",116,56,1.7,42.2
Boston,Massachusetts,"Sady, Michael",248,58.5,0.4,41.1
Boston,Massachusetts,"O'Malley, Brenda M.",978,66.2,0.6,33.2
Boston,Massachusetts,"Gagnon, Paul M.",131,67.2,1.5,31.3
Boston,Massachusetts,"Feder, Robin E.",556,66.7,2.2,31.1
Boston,Massachusetts,"O'Sullivan, Maureen S.",1267,83.8,0.6,15.5
,,,,,,
Buffalo,New York,"Ruehle, Walter",716,31.4,1.8,66.8
Buffalo,New York,"Hochul, Denise",533,44.1,3.6,52.3
,,,,,,
Chaparral,New Mexico,"French, Kathleen",297,3.4,7.4,89.2
Chaparral,New Mexico,"Palomino, Jacinto",490,9.8,6.3,83.9
Chaparral,New Mexico,"Fernandez, Lorely Ramirez",120,20,4.2,75.8
Chaparral,New Mexico,"Girvin, Ralph E.",122,11.5,14.8,73.8
Chaparral,New Mexico,"Taylor, Brock E.",607,59.8,3.5,36.7
,,,,,,
Charlotte,North Carolina,"Pettinato, Barry J.",327,1.5,0.3,98.2
Charlotte,North Carolina,"Riggs, George W.",555,2.5,0,97.5
Charlotte,North Carolina,"Couch, V. Stuart",449,5.3,0.2,94.4
Charlotte,North Carolina,"Lee, Amy T.",398,8.5,0.3,91.2
Charlotte,North Carolina,"Nance, Jeffery R.",473,10.4,1.1,88.6
Charlotte,North Carolina,"Lopez-Enriquez, Maria M.",270,11.5,3.3,85.2
Charlotte,North Carolina,"Holmes-Simmons, Theresa",372,17.7,1.1,81.2
Charlotte,North Carolina,"Harris, Rodger C.",597,18.3,2.5,79.2
Charlotte,North Carolina,"Criss, Scott D.",133,21.8,1.5,76.7
,,,,,,
Chicago,Illinois,"Ellison, Sarah M.",167,9,0.6,90.4
Chicago,Illinois,"Giambastiani, Jennie L.",217,33.6,0.9,65.4
Chicago,Illinois,"Venci, Michelle",170,35.9,0,64.1
Chicago,Illinois,"Defoe, Craig A.",892,35.4,0.8,63.8
Chicago,Illinois,"Naseem, Samia",448,37.3,0.2,62.5
Chicago,Illinois,"Salovaara, Kaarina",584,40.9,2.4,56.7
Chicago,Illinois,"Curran, Brendan C.",176,40.3,4,55.7
Chicago,Illinois,"McKenna, Patrick M.",739,50.5,0.3,49.3
Chicago,Illinois,"Rosche, Robin J.",590,52.9,2.9,44.2
Chicago,Illinois,"Cole, Samuel B.",467,54.2,1.9,43.9
Chicago,Illinois,"Mencini, Ana",137,56.2,0,43.8
Chicago,Illinois,"Lang, Elizabeth G.",423,56.3,1.9,41.8
Chicago,Illinois,"Stahl, Marc",267,61,0,39
Chicago,Illinois,"Klosowsky, Michael",239,61.1,0.4,38.5
Chicago,Illinois,"Deangelis, Kathryn L.",588,60.4,1.9,37.8
Chicago,Illinois,"Luskin, Joshua D.",197,60.9,2,37.1
Chicago,Illinois,"Saltzman, Eva S.",581,67.3,3.4,29.3
Chicago,Illinois,"Klein, Eliza C.",209,69.4,1.9,28.7
Chicago,Illinois,"Crites, Elizabeth",178,76.4,0,23.6
Chicago,Illinois,"Patti, Sebastian T.",197,78.7,0.5,20.8
Chicago,Illinois,"Peyton, Jennifer I.",373,82.6,1.9,15.5
Chicago,Illinois,"Reynolds, Gina",130,90,0,10
,,,,,,
Cleveland,Ohio,"Brown, Alison M.",303,10.2,0.7,89.1
Cleveland,Ohio,"Seppanen, Christopher R.",262,13,0.8,86.3
Cleveland,Ohio,"Owens, Jonathan W.",319,12.2,2.8,85
Cleveland,Ohio,"McCarthy, James F., III",123,14.6,0.8,84.6
Cleveland,Ohio,"Riley, Teresa L.",455,13,2.6,84.4
Cleveland,Ohio,"Horton, Monte J.",315,14,2.5,83.5
Cleveland,Ohio,"Riedthaler-Williams, Jennifer M.",194,16.5,4.6,78.9
Cleveland,Ohio,"Pashayan, Donald",134,20.1,3.7,76.1
Cleveland,Ohio,"Imbacuan, Bruce",111,16.2,11.7,72.1
Cleveland,Ohio,"Santoro, Jeremy",107,24.3,7.5,68.2
Cleveland,Ohio,"Tripi, Michael",185,34.6,1.1,64.3
Cleveland,Ohio,"Whipple, David C.",227,36.1,3.5,60.4
,,,,,,
Conroe,Texas,"Cole, Timothy M.",108,7.4,0.9,91.7
Conroe,Texas,"Walton, Richard D.",128,6.3,2.3,91.4
Conroe,Texas,"May, Jennifer A.",137,8.8,0.7,90.5
Conroe,Texas,"Greenstein, Saul",135,9.6,1.5,88.9
Conroe,Texas,"Powell, Robert L.",327,9.5,5.5,85
Conroe,Texas,"Sapp, Billy J.",329,18.5,4,77.5
Conroe,Texas,"Brisack, Chris A.",222,17.6,7.2,75.2
Conroe,Texas,"Evans, Mark S.",166,21.1,5.4,73.5
Conroe,Texas,"D'Andrea, Holly A.",180,37.2,6.1,56.7
,,,,,,
Dallas,Texas,"Sims, Deitrich H.",211,5.7,0.9,93.4
Dallas,Texas,"Ozmun, Richard R.",442,7.2,6.3,86.4
Dallas,Texas,"Kimball, R. Wayne",777,14.4,3.9,81.7
Dallas,Texas,"Eller, Donald R., Jr.",148,17.6,2,80.4
Dallas,Texas,"John-Baptiste, Allan",171,20.5,1.8,77.8
Dallas,Texas,"Thielemann, Christopher J.",185,20,3.8,76.2
Dallas,Texas,"Davis-Gumbs, Xiomara Diana",298,23.5,8.7,67.8
Dallas,Texas,"Nugent, James A.",175,22.3,10.9,66.9
Dallas,Texas,"Ferguson, Jason D.",191,35.1,4.7,60.2
Dallas,Texas,"Perez-Guzman, Virginia",433,36.3,8.5,55.2
Dallas,Texas,"Ellison, Sarah M.",117,51.3,5.1,43.6
,,,,,,
Denver,Colorado,"Masters, Bobbie C.",105,14.3,1.9,83.8
Denver,Colorado,"O'Hare, Donald C.",472,18.9,0.2,80.9
Denver,Colorado,"Corrin, Melanie K.",434,24.7,0.7,74.7
Denver,Colorado,"Kaufman, Matthew W.",154,25.3,1.9,72.7
Denver,Colorado,"Gardzelewski, Ivan E.",628,26.4,1.3,72.3
Denver,Colorado,"Calcador, Kerri",137,30.7,3.6,65.7
Denver,Colorado,"Trujillo, Eileen R.",511,39.9,1,59.1
Denver,Colorado,"Kane, Alison R.",664,41.3,0.8,58
Denver,Colorado,"Burgie, Brea C.",493,59,1.4,39.6
,,,,,,
Detroit,Michigan,"Jebson, Mark J.",543,19.2,2.9,77.9
Detroit,Michigan,"Gorland, Jennifer M.",889,35.9,3,61.1
Detroit,Michigan,"Simons, Ian R.",546,37.7,1.5,60.8
Detroit,Michigan,"Paruch, David H.",332,42.8,1.8,55.4
,,,,,,
El Paso,Texas,"Hough, Robert S.",108,5.6,4.6,89.8
El Paso,Texas,"Jacobs, Richard C.",104,13.5,5.8,80.8
El Paso,Texas,"Herbert, Nathan",129,25.6,7.8,66.7
El Paso,Texas,"Miller, James J., Jr.",115,39.1,7.8,53
,,,,,,
El Paso - EPD,Texas,"Abbott, William L.",263,14.4,2.7,82.9
El Paso - EPD,Texas,"Pleters, Michael",155,19.4,3.9,76.8
El Paso - EPD,Texas,"Ruhle, Stephen M.",214,24.3,1.9,73.8
,,,,,,
Elizabeth,New Jersey,"Tadal, Mirlande",201,11.9,2.5,85.6
Elizabeth,New Jersey,"Golparvar, Kuyomars Q.",290,8.6,9.7,81.7
Elizabeth,New Jersey,"Ellington, John P.",109,12.8,8.3,78.9
Elizabeth,New Jersey,"Shirole, Pallavi S.",126,20.6,2.4,77
Elizabeth,New Jersey,"Finston, Leo A.",165,19.4,4.2,76.4
Elizabeth,New Jersey,"Pope, Jason L.",212,19.8,4.7,75.5
Elizabeth,New Jersey,"Hartye, Alice S.",150,23.3,10,66.7
,,,,,,
Eloy,Arizona,"Davis, John W.",168,2.4,0,97.6
Eloy,Arizona,"Phelps, Richard A.",286,28,3.1,68.9
Eloy,Arizona,"Gaz, Jennifer I.",504,40.7,3.6,55.8
Eloy,Arizona,"Habich, Paul M.",398,51.8,4,44.2
Eloy,Arizona,"Penalosa, Jose Luis, Jr.",221,56.6,3.6,39.8
,,,,,,
Florence,Arizona,"Guerrero, Marni",205,9.8,6.8,83.4
Florence,Arizona,"Taylor, Bruce A.",197,16.8,7.6,75.6
Florence,Arizona,"Frazer, Molly S.",144,37.5,5.6,56.9
,,,,,,
Harlingen,Texas,"Guidry, Monica Thompson",132,13.6,0,86.4
Harlingen,Texas,"Schools, Shelly W.",173,16.8,0.6,82.7
Harlingen,Texas,"Crews, John G.",184,16.3,1.1,82.6
Harlingen,Texas,"Freeman, D'Anna H.",151,11.9,6,82.1
Harlingen,Texas,"Achtsam, Howard E.",115,16.5,3.5,80
Harlingen,Texas,"Gonzalez, Delia I.",171,15.2,6.4,78.4
Harlingen,Texas,"Ellison, Sarah M.",114,20.2,3.5,76.3
Harlingen,Texas,"Leonard, Joseph T.",117,23.1,13.7,63.2
Harlingen,Texas,"Garcia, Melissa Joy",106,33,6.6,60.4
,,,,,,
Hartford,Connecticut,"Straus, Michael W.",1618,21.9,0.6,77.5
Hartford,Connecticut,"Verrillo, Philip",543,33.3,1.3,65.4
Hartford,Connecticut,"Morris, Daniel A.",347,33.4,1.7,64.8
,,,,,,
Honolulu,Hawaii,"Beamer, Dayna M.",522,44.3,0.2,55.6
Honolulu,Hawaii,"Wagner, Clarence M., Jr.",597,68.5,1.3,30.2
,,,,,,
Houston,Texas,"Imbacuan, Bruce",105,0,0,100
Houston,Texas,"Harris, Monique",659,2.6,0,97.4
Houston,Texas,"Brown, Sam, IV",976,2,0.8,97.1
Houston,Texas,"Guidry, Monica Thompson",216,2.8,1.4,95.8
Houston,Texas,"May, Jennifer A.",139,4.3,0,95.7
Houston,Texas,"Hughes, Erica",173,3.5,1.7,94.8
Houston,Texas,"McGuirk, Erica J.",208,3.8,2.4,93.8
Houston,Texas,"Walton, Richard D.",657,4.6,2.6,92.8
Houston,Texas,"Gemoets, Marcos",1053,6.2,1.1,92.7
Houston,Texas,"Jamadar, Richard",704,7.4,1.3,91.3
Houston,Texas,"Gorman, Stephanie",510,8.4,0.6,91
Houston,Texas,"Khan, Anwer A.",618,8.6,1,90.5
Houston,Texas,"Wang, Lynn",264,10.2,0,89.8
Houston,Texas,"Picos, Georgina M.",1321,9.8,1.4,88.8
Houston,Texas,"Endelman, Gary E.",2005,10.3,1.2,88.5
Houston,Texas,"Rankin Yates, Clarease Rankin",517,10.1,1.7,88.2
Houston,Texas,"Bhagat, Nimmo",1919,11.1,0.9,88
Houston,Texas,"Freeman, D'Anna H.",107,12.1,0,87.9
Houston,Texas,"Brisack, Chris A.",144,10.4,2.1,87.5
Houston,Texas,"Greenstein, Saul",735,13.5,2.2,84.4
Houston,Texas,"Ramos, Maritza",255,18.4,2,79.6
Houston,Texas,"Osborn, Joshua D.",236,17.8,3,79.2
Houston,Texas,"Nguyen, Bao Q.",381,22.8,5,72.2
,,,,,,
Houston - Gessner,Texas,"Brown, Kevin",301,2.7,8,89.4
Houston - Gessner,Texas,"McPhail, John",203,5.9,9.9,84.2
Houston - Gessner,Texas,"Rankin Yates, Clarease Rankin",341,6.2,11.1,82.7
Houston - Gessner,Texas,"Jenkins, Arkesia",194,5.7,19.1,75.3
Houston - Gessner,Texas,"Schumann, Christopher M.",260,6.2,19.6,74.2
Houston - Gessner,Texas,"Jones, Delana M.",209,5.7,21.1,73.2
Houston - Gessner,Texas,"Cordero Gonzalez, Miguel A.",156,9,17.9,73.1
Houston - Gessner,Texas,"Thompson, Kenley",117,5.1,23.9,70.9
Houston - Gessner,Texas,"Dvorak, Charissa",187,19.8,10.2,70.1
,,,,,,
Houston - Greenspoint,Texas,"Wells, Kenya",298,5.7,1,93.3
Houston - Greenspoint,Texas,"Landis, Brent H.",270,6.7,0.4,93
Houston - Greenspoint,Texas,"Hempel, Nicholle M.",154,7.1,0,92.9
Houston - Greenspoint,Texas,"McGuirk, Erica J.",134,6.7,0.7,92.5
Houston - Greenspoint,Texas,"Guidry, Monica Thompson",117,4.3,3.4,92.3
Houston - Greenspoint,Texas,"Schwab, Jodie",183,6.6,1.6,91.8
Houston - Greenspoint,Texas,"Pobjecky, Artie",199,7,1.5,91.5
Houston - Greenspoint,Texas,"White, Romaine",224,8.5,0.4,91.1
Houston - Greenspoint,Texas,"Jovanovic, Adam",183,10.4,0,89.6
Houston - Greenspoint,Texas,"Lee, Alexander",286,14,0,86
Houston - Greenspoint,Texas,"Whitworth, Mark",215,10.2,5.1,84.7
Houston - Greenspoint,Texas,"Perez, Alex",164,15.9,0.6,83.5
Houston - Greenspoint,Texas,"Phan, Christopher",202,18.3,0,81.7
Houston - Greenspoint,Texas,"Tamez, Lydia",196,21.4,1.5,77
,,,,,,
Hyattsville,Maryland,"Bohrer, Matthew",168,27.4,0,72.6
Hyattsville,Maryland,"Kanellakos, Thanos",122,45.9,0.8,53.3
Hyattsville,Maryland,"Reilly, Kathleen",164,54.9,3,42.1
Hyattsville,Maryland,"Igoe, Alison",156,59.6,5.1,35.3
Hyattsville,Maryland,"Williams, Phillip T.",134,61.2,5.2,33.6
Hyattsville,Maryland,"Niburg, Rebecca",146,67.1,1.4,31.5
Hyattsville,Maryland,"Bowens, Tanisha",125,71.2,0.8,28
Hyattsville,Maryland,"Rubenstein, John S.",226,77,0.9,22.1
Hyattsville,Maryland,"Gansallo, Ayodele",135,79.3,2.2,18.5
Hyattsville,Maryland,"Jones, David M.",199,81.4,0.5,18.1
Hyattsville,Maryland,"Verma, Dinesh C.",173,78.6,8.7,12.7
Hyattsville,Maryland,"Koelsch, David",380,86.3,1.3,12.4
Hyattsville,Maryland,"Cubas, Claudia",268,88.8,0.4,10.8
,,,,,,
Imperial,California,"Habich, Paul M.",130,30,0.8,69.2
Imperial,California,"Perry, Anne",341,33.7,6.5,59.8
Imperial,California,"Pressman, Christian M.",200,51.5,7,41.5
Imperial,California,"Barcus, E. Mark",353,50.4,12.7,36.8
Imperial,California,"Robinson, Eugene H., Jr.",210,51.9,16.7,31.4
Imperial,California,"Munoz, Jeffrey V.",176,73.9,2.8,23.3
,,,,,,
Jena,Louisana,"Landis, Brent H.",335,3.9,0.9,95.2
Jena,Louisana,"Crooks, Grady A",243,4.9,0,95.1
Jena,Louisana,"Fuller, Steven B.",138,4.3,1.4,94.2
Jena,Louisana,"Thogersen, Cassie A.",179,6.7,1.7,91.6
Jena,Louisana,"Munson, Angela",174,9.2,1.7,89.1
Jena,Louisana,"Midgley, Ian D.",106,12.3,0.9,86.8
Jena,Louisana,"Robbins, Kandra K.",142,20.4,0.7,78.9
,,,,,,
Kansas City,Missouri,"Salinardi, Jayme",770,4.4,0.6,94.9
Kansas City,Missouri,"Baker, Glen R.",334,13.8,2.4,83.8
Kansas City,Missouri,"Howard, Justin W.",1087,18.6,0.6,80.8
Kansas City,Missouri,"Johnson, Colin Patrick",146,15.8,3.4,80.8
,,,,,,
Laredo,Texas,"Adams, Justin",413,8.7,2.7,88.6
Laredo,Texas,"Crossan, Thomas G., Jr.",163,18.4,1.8,79.8
Laredo,Texas,"Hart, Brandon L.",116,16.4,6.9,76.7
Laredo,Texas,"Harlow, Craig A.",112,27.7,0.9,71.4
Laredo,Texas,"McCullough, Charles M.",104,35.6,0,64.4
Laredo,Texas,"Eller, Donald R., Jr.",118,29.7,5.9,64.4
Laredo,Texas,"Gonzalez, Yvonne",106,36.8,0,63.2
Laredo,Texas,"Newaz, Rifian S.",196,28.1,9.2,62.8
Laredo,Texas,"Lafuente-Gaona, Cynthia",112,43.8,6.3,50
Laredo,Texas,"Santander, Daniel J.",101,52.5,20.8,26.7
,,,,,,
Las Vegas,Nevada,"Romig, Jeffrey L.",123,3.3,0,96.7
Las Vegas,Nevada,"Sharda, Munish",435,3.2,1.8,94.9
Las Vegas,Nevada,"Alberdi, Yon K.",166,14.5,0.6,84.9
Las Vegas,Nevada,"Daugherty, Daniel J.",111,18.9,2.7,78.4
Las Vegas,Nevada,"McDermott, Ann M.",536,31.9,3.2,64.9
Las Vegas,Nevada,"Nguyen, An Mai",389,45.2,2.8,51.9
Las Vegas,Nevada,"Baker, Glen R.",447,54.4,2.2,43.4
Las Vegas,Nevada,"Roberts, Lindsy M.",323,56.3,5.3,38.4
,,,,,,
Los Angeles,California,"O'Connor, Lee A.",238,2.9,0.4,96.6
Los Angeles,California,"Miller, Jeffrey S.",280,9.3,1.8,88.9
Los Angeles,California,"Francis, Leon J.",830,10.8,0.2,88.9
Los Angeles,California,"Fellrath, Robert",105,13.3,1,85.7
Los Angeles,California,"Chon, Hye Y.",988,17.2,0.3,82.5
Los Angeles,California,"Waterloo, Jason",436,21.1,0.9,78
Los Angeles,California,"Juelle, Carlos R.",613,20.6,1.6,77.8
Los Angeles,California,"Sitgraves, Darcy D.",178,20.8,1.7,77.5
Los Angeles,California,"Jasso, Jaime",499,21.6,1.6,76.8
Los Angeles,California,"Latimore, Jan D.",342,21.9,1.8,76.3
Los Angeles,California,"Perry, Anne",113,22.1,1.8,76.1
Los Angeles,California,"Bank, Ira E.",328,21.6,3.4,75
Los Angeles,California,"Martz, Nicholas A.",204,21.1,3.9,75
Los Angeles,California,"Calcador, Kerri",229,24.5,0.9,74.7
Los Angeles,California,"Huddleston, Natalie",400,25.3,1.8,73
Los Angeles,California,"Ruane, Rachel A.",409,14.4,12.7,72.9
Los Angeles,California,"Guerrero, Marni",140,25,2.1,72.9
Los Angeles,California,"Burke, David H.",580,18.6,10.7,70.7
Los Angeles,California,"Behne, Audra R.",425,29.4,2.8,67.8
Los Angeles,California,"Miller, Nancy",449,29.2,3.1,67.7
Los Angeles,California,"Malvin, Daniel H.",242,31.8,2.1,66.1
Los Angeles,California,"Tabaddor, Afsaneh Ashley",175,28.6,6.9,64.6
Los Angeles,California,"Costa, Philip J.",577,36.4,0.7,62.9
Los Angeles,California,"Everett, Timothy R.",552,34.8,2.9,62.3
Los Angeles,California,"Patti, Sebastian T.",479,36.7,1,62.2
Los Angeles,California,"Bakke Varzandeh, Joyce A.",437,35.2,4.1,60.6
Los Angeles,California,"Virchis, Bridget",272,38.2,2.6,59.2
Los Angeles,California,"Dorfman, Arlene E.",265,41.1,0.4,58.5
Los Angeles,California,"Neumeister, David",206,42.2,0,57.8
Los Angeles,California,"Park, Jeannette Lim",258,41.9,3.5,54.7
Los Angeles,California,"Simons, Anita L.",869,38.6,7,54.4
Los Angeles,California,"Lee, Edward",277,44.8,1.8,53.4
Los Angeles,California,"Desai, Jankhana",268,40.7,9.7,49.6
Los Angeles,California,"Allen, Janette L.",258,50,0.8,49.2
Los Angeles,California,"Stancill, Christine E.",647,56,1.7,42.3
Los Angeles,California,"Hong, Andrea",248,57.3,2.8,39.9
Los Angeles,California,"Villegas, Veronica S.",230,60.4,3.5,36.1
Los Angeles,California,"Vahid-Tehrani, Gita",191,55.5,10.5,34
Los Angeles,California,"Siebert, Andrea",126,71.4,2.4,26.2
,,,,,,
Los Angeles - North,California,"Hope, Karen",156,6.4,0,93.6
Los Angeles - North,California,"Naselow-Nahas, Tara",628,6.4,0.3,93.3
Los Angeles - North,California,"Piepmeier, Kristin",559,7.9,2,90.2
Los Angeles - North,California,"Amaya, Roberto",147,8.8,1.4,89.8
Los Angeles - North,California,"Riley, Kevin W.",492,9.1,1.4,89.4
Los Angeles - North,California,"Medved, Paul N.",244,10.7,0,89.3
Los Angeles - North,California,"Travieso, Frank M.",1396,12.1,1.1,86.8
Los Angeles - North,California,"Left, James M.",580,17.4,1.9,80.7
Los Angeles - North,California,"Hsu, Lily C",1017,21.5,0.6,77.9
Los Angeles - North,California,"Aina, Nathan N.",657,28.5,3,68.5
Los Angeles - North,California,"Maury, Carlos E.",149,38.3,7.4,54.4
,,,,,,
Los Fresnos,Texas,"Baumgarten, Mary C.",150,3.3,0.7,96
Los Fresnos,Texas,"Powell, Robert L.",108,6.5,0,93.5
Los Fresnos,Texas,"Onyewuchi, Morris I.",404,5,2,93.1
Los Fresnos,Texas,"Hable, Paul A.",260,4.2,4.2,91.5
Los Fresnos,Texas,"Crews, John G.",184,7.1,2.2,90.8
Los Fresnos,Texas,"Pimentel, Frank T.",466,9.7,2.1,88.2
Los Fresnos,Texas,"Hoover, Forrest W., III",181,21.5,0,78.5
Los Fresnos,Texas,"Cigarroa, Barbara",240,23.3,2.1,74.6
,,,,,,
Lumpkin,Georgia,"Fuller, Steven B.",112,3.6,4.5,92
Lumpkin,Georgia,"Duncan, Randall",281,8.5,1.1,90.4
Lumpkin,Georgia,"Criss, Scott D.",456,13.2,0.4,86.4
Lumpkin,Georgia,"Brown, Bianca, H",157,11.5,3.2,85.4
Lumpkin,Georgia,"Trimble, Dan",343,13.4,2.3,84.3
Lumpkin,Georgia,"Nance, Jeffery R.",175,11.4,5.7,82.9
Lumpkin,Georgia,"Rothschild, Jerome M., Jr.",183,20.2,4.9,74.9
,,,,,,
Memphis,Tennessee,"Miles, Vernon Benet",477,2.7,0.4,96.9
Memphis,Tennessee,"Hansell, Renae M.",673,4.3,0.6,95.1
Memphis,Tennessee,"Kinnicutt, Daniel P.",100,6,1,93
Memphis,Tennessee,"Johnson, Kelly S.",220,6.8,1.8,91.4
Memphis,Tennessee,"Averwater, Richard J.",441,12.7,0.5,86.8
Memphis,Tennessee,"Holt, Rebecca L.",797,12.8,0.9,86.3
Memphis,Tennessee,"Kaufman, Matthew W.",154,20.1,0,79.9
Memphis,Tennessee,"Campos, Alisha C.",226,21.2,0.4,78.3
Memphis,Tennessee,"Lake, Kelly B.",111,24.3,0,75.7
Memphis,Tennessee,"Newburn, Irma J.",112,25,0.9,74.1
Memphis,Tennessee,"Josephsen, Brandon J.",165,30.3,0,69.7
Memphis,Tennessee,"Maldonado, Luis",147,28.6,2.7,68.7
Memphis,Tennessee,"Russo, David",324,44.1,0,55.9
Memphis,Tennessee,"Clancy, Sean D.",102,69.6,3.9,26.5
,,,,,,
Miami,Florida,"Nettles, Marsha K.",243,2.9,0.8,96.3
Miami,Florida,"Siegel, Stuart A.",465,6.7,0.2,93.1
Miami,Florida,"Martinez-Esquivel, Lourdes",913,6.7,1.4,91.9
Miami,Florida,"Dowell, J. Daniel",911,7.7,0.7,91.7
Miami,Florida,"Horn, Michael C.",663,8,0.9,91.1
Miami,Florida,"Goodwin, Deborah K.",497,8.2,0.6,91.1
Miami,Florida,"Ayze, Thomas",1025,8.8,0.1,91.1
Miami,Florida,"Torreh-Bayouth, Lilliana",678,9.4,0.1,90.4
Miami,Florida,"Sanders, Charles J.",351,8.5,1.1,90.3
Miami,Florida,"Garcia, Madeline",901,9.3,0.7,90
Miami,Florida,"Brown, Charlotte D.",331,7.6,2.7,89.7
Miami,Florida,"Videla, Gabriel C.",1105,8.2,2.2,89.6
Miami,Florida,"Marks Lane, Denise A.",524,9.4,1.7,88.9
Miami,Florida,"Sogocio, Rico M.",815,10.4,0.9,88.7
Miami,Florida,"Araneta, Michelle",307,11.7,0,88.3
Miami,Florida,"Walleisa, Michael",896,10.2,2.7,87.2
Miami,Florida,"Page-Lozano, Jennifer Leigh",155,11.6,1.3,87.1
Miami,Florida,"Holyoak, Dalin R.",474,14.1,1.1,84.8
Miami,Florida,"Alexander, Scott G.",1000,14.9,0.5,84.6
Miami,Florida,"Herman, Lakshmi",272,15.8,0,84.2
Miami,Florida,"Rosen, Benjamin",167,16.2,0,83.8
Miami,Florida,"Rivera, Jose",520,19.2,0.4,80.4
Miami,Florida,"Mateo, Rene D.",228,18.9,0.9,80.3
Miami,Florida,"Balasquide, Javier E.",1216,20,0.2,79.8
Miami,Florida,"Maingot, Anthony E.",823,17,3.2,79.8
Miami,Florida,"Burgess, Abraham L.",744,20.4,0.7,78.9
Miami,Florida,"Lerner, Romy",185,23.8,0,76.2
Miami,Florida,"Cole, Timothy M.",755,20.8,3.3,75.9
Miami,Florida,"Recio, Irene M.",377,23.9,1.6,74.5
Miami,Florida,"Rodriguez de Jongh, Lourdes A.",437,24,2.1,73.9
Miami,Florida,"Mander, Stephen E.",546,27.1,2.4,70.5
Miami,Florida,"Reis, Christine",435,33.3,0,66.7
,,,,,,
Miami - Krome,Florida,"Martyak, Christina M.",143,2.8,2.1,95.1
Miami - Krome,Florida,"Opaciuch, John",111,2.7,3.6,93.7
Miami - Krome,Florida,"Lopez-Enriquez, Maria M.",279,3.6,2.9,93.5
Miami - Krome,Florida,"Pereira, Jorge L.",158,3.2,5.1,91.8
Miami - Krome,Florida,"Opaciuch, Adam",117,4.3,6.8,88.9
Miami - Krome,Florida,"Chait, Barry S.",369,10.3,2.4,87.3
Miami - Krome,Florida,"Siegel, Stuart A.",355,13,3.1,83.9
,,,,,,
New Orleans,Louisana,"Fluke, Randall L.",144,6.3,0,93.8
New Orleans,Louisana,"Connelly, Steven J.",198,7.6,0,92.4
New Orleans,Louisana,"Marquez, Charlotte",873,8.9,2.5,88.5
New Orleans,Louisana,"Larocca, Joseph",1116,17.8,1.4,80.7
New Orleans,Louisana,"Marsteller, Eric",732,20.2,3.7,76.1
New Orleans,Louisana,"Guillory, Kevin P.",100,40,3,57
,,,,,,
New York,New York,"Burns, John",256,11.3,2.3,86.3
New York,New York,"Menkin, Jeffrey L.",212,4.7,11.8,83.5
New York,New York,"Spencer, Oshea Denise",649,21.4,0.5,78.1
New York,New York,"Hom, Sandy K.",136,23.5,2.2,74.3
New York,New York,"Vomacka, Alan A.",146,26,0.7,73.3
New York,New York,"Perl, Adam",543,26.9,0,73.1
New York,New York,"McKee, James",290,27.9,0,72.1
New York,New York,"Lazare-Raphael, Shirley",769,29.6,0.8,69.6
New York,New York,"Christensen, Jesse B.",1683,33.1,0.2,66.7
New York,New York,"Siemietkowski, John",361,38,0,62
New York,New York,"Palmer, Brian T.",646,38.1,0.9,61
New York,New York,"Pierro, Laura N.",136,39,0.7,60.3
New York,New York,"Chugh, Amit",269,42,0.4,57.6
New York,New York,"Conroy, Charles",420,42.9,0.2,56.9
New York,New York,"Hom, Howard",589,41.8,1.5,56.7
New York,New York,"McCarthy, James M.",1287,43.6,1.5,54.9
New York,New York,"Nelson, Barbara A.",988,46.2,0.9,52.9
New York,New York,"Johnson-Papillo, Carrie C.",265,43,4.5,52.5
New York,New York,"Gundlach, Robert",593,47.4,0.7,51.9
New York,New York,"Chung, Jennifer",642,49.2,0,50.8
New York,New York,"Dodd, Diane",185,49.7,1.1,49.2
New York,New York,"Lloyd, Michael",328,50.9,0.3,48.8
New York,New York,"Poczter, Aviva L.",1332,53.1,0.8,46.2
New York,New York,"Ling, Lisa W.",103,47.6,8.7,43.7
New York,New York,"Bratton, Scott",139,54.7,2.2,43.2
New York,New York,"Loprest, F. James, Jr.",829,55.9,2.2,42
New York,New York,"Pieters, Edwin",140,59.3,0,40.7
New York,New York,"Ehrens, Lisa",516,57.6,2.3,40.1
New York,New York,"Ubarri, Maria",221,58.8,1.4,39.8
New York,New York,"Factor, Sam",819,59.1,1.5,39.4
New York,New York,"McFarland, Michael G.",877,60.7,1.4,38
New York,New York,"Golovnin, Lena",889,60.7,1.3,37.9
New York,New York,"Grogan, Edward",191,62.3,0.5,37.2
New York,New York,"Campanella, Lorianne",369,62.6,1.4,36
New York,New York,"Krasinski, Carolyn",236,63.1,0.8,36
New York,New York,"Laforest, Brigitte",1474,63.2,1.1,35.8
New York,New York,"Gordon, Cynthia",1008,64.2,0.4,35.4
New York,New York,"Moore, Carol",137,65.7,0,34.3
New York,New York,"Harbeck, Dorothy A.",554,65.3,1.3,33.4
New York,New York,"Wright, Virna A.",1085,67,1.5,31.5
New York,New York,"Calvelli, Andrew",419,71.1,0.2,28.6
New York,New York,"Lebreton, Tanawa",266,69.9,2.3,27.8
New York,New York,"Sponzo, Jem C.",1128,71.5,1.3,27.2
New York,New York,"Farber, Lauren T.",401,72.8,0.5,26.7
New York,New York,"Kolbe, Margaret",404,69.8,3.7,26.5
New York,New York,"Dandelet, Kyle",340,73.2,0.3,26.5
New York,New York,"Thomsen, Scott",458,76,0.7,23.4
New York,New York,"Thompson, Donald W., Jr.",1480,76.3,0.9,22.8
New York,New York,"Douchy, Evalyn P.",1254,74.3,3,22.7
New York,New York,"Donnolo, Paula",348,76.4,0.9,22.7
New York,New York,"Tsankov, Mimi",480,77.3,0.4,22.3
New York,New York,"Segal, Alice",1104,76.5,1.5,21.9
New York,New York,"McDermott, William",539,77.7,0.4,21.9
New York,New York,"Reingold, Jonathan",120,77.5,1.7,20.8
New York,New York,"Navarro, Maria E.",1141,78,1.6,20.4
New York,New York,"Nassar, Dania",138,78.3,1.4,20.3
New York,New York,"Bartleson, Thomas",290,79,1,20
New York,New York,"Lurye, Maria",1103,80,0.5,19.6
New York,New York,"Sagesse, Cathy",537,80.1,0.4,19.6
New York,New York,"Schoppert, Douglas B.",1120,74.6,6,19.5
New York,New York,"Zagzoug, Randa",1171,79.3,2.6,18
New York,New York,"Cohen, Raisa",950,81.3,1.1,17.7
New York,New York,"Kouris, Theodora N.",498,84.3,1.2,14.5
New York,New York,"Brennan, Noel A.",1038,84.6,1.2,14.3
New York,New York,"Leeds, Frederic G.",844,85.2,0.5,14.3
New York,New York,"Sichel, Helen J.",595,84.5,1.3,14.1
New York,New York,"Klahr, Deborah E.",505,85,1,14.1
New York,New York,"Cassin, Olivia L.",966,83.3,4.2,12.4
New York,New York,"Bain, Terry A.",594,87.9,0.5,11.6
New York,New York,"Gordon-Uruakpa, Vivienne E.",943,86,2.9,11.1
New York,New York,"Adams, Lori",296,89.2,0.3,10.5
New York,New York,"Crawford, Carol A.",223,87.4,2.2,10.3
New York,New York,"Khan, Amiena",694,88.6,1.4,9.9
New York,New York,"Little, Anna C.",230,91.3,1.3,7.4
New York,New York,"Koppenhofer, Andrea",169,94.1,0,5.9
New York,New York,"Kim, David",154,96.1,0.6,3.2
,,,,,,
New York - DET,New York,"Reid, Dara",1194,17,0,83
New York - DET,New York,"Decure, John",435,18.9,0.5,80.7
New York - DET,New York,"Conroy, Charles",478,18.4,1.3,80.3
New York - DET,New York,"London, Charlesa E.",166,19.9,0,80.1
New York - DET,New York,"Tsankov, Mimi",115,17.4,7,75.7
New York - DET,New York,"Farber, Lauren T.",115,20.9,3.5,75.7
New York - DET,New York,"Ouslander, Charles",175,29.1,0.6,70.3
New York - DET,New York,"Auh, Kyung S.",139,32.4,0,67.6
New York - DET,New York,"Cortes, John W.",430,31.9,0.7,67.4
New York - DET,New York,"Drucker, Richard",1345,34.9,0.7,64.4
New York - DET,New York,"Prieto, Francisco R.",373,34.9,5.1,60.1
New York - DET,New York,"Ling, Lisa W.",1552,43.4,1.2,55.3
New York - DET,New York,"Kolbe, Margaret",252,43.3,1.6,55.2
New York - DET,New York,"Mungoven, Thomas",406,46.1,0.2,53.7
New York - DET,New York,"Horton, Monte J.",105,46.7,2.9,50.5
New York - DET,New York,"Hoover, Forrest W., III",119,48.7,1.7,49.6
New York - DET,New York,"Burnham, Shayne R.",707,62.5,0.8,36.6
New York - DET,New York,"Mulligan, Thomas J.",382,62,1.6,36.4
New York - DET,New York,"Norkin, David",271,84.1,0,15.9
,,,,,,
Newark,New Jersey,"Mannion, Steve",435,6,0,94
Newark,New Jersey,"Chen, Shana W.",726,9.8,2.1,88.2
Newark,New Jersey,"Hinds Roach, Denise A.",200,21.5,0,78.5
Newark,New Jersey,"Cheng, David",407,21.4,1.5,77.1
Newark,New Jersey,"Bailey, Richard",547,23.6,0.9,75.5
Newark,New Jersey,"Shirole, Pallavi S.",490,24.1,0.8,75.1
Newark,New Jersey,"Manuel, Elise",102,28.4,0,71.6
Newark,New Jersey,"Wilson, Tamar H.",363,28.7,2.2,69.1
Newark,New Jersey,"Panopoulos, Adam",169,33.1,0,66.9
Newark,New Jersey,"Pierro, Laura N.",237,32.9,3.4,63.7
Newark,New Jersey,"Lane, Nicole",107,36.4,0,63.6
Newark,New Jersey,"McNeill Mullican, Leila",488,34.8,2.3,62.9
Newark,New Jersey,"Pope, Jason L.",451,35.5,2.2,62.3
Newark,New Jersey,"Ranasinghe, Arya S.",186,45.7,3.8,50.5
Newark,New Jersey,"Rastegar, Ramin",189,50.3,5.3,44.4
Newark,New Jersey,"Jeannopoulos, Amanda",347,52.4,3.5,44.1
Newark,New Jersey,"Rubin, Shifra",612,55.2,2.6,42.2
Newark,New Jersey,"Little, Anna C.",141,60.3,0,39.7
Newark,New Jersey,"Finston, Leo A.",307,59.6,3.6,36.8
Newark,New Jersey,"Riefkohl, Alberto J.",374,81.8,5.3,12.8
,,,,,,
Oakdale,Louisana,"Laragy, W. Scott",311,9.3,1.3,89.4
Oakdale,Louisana,"Ashworth, Sherron",110,8.2,2.7,89.1
Oakdale,Louisana,"Duck, John A., Jr.",368,14.9,0.8,84.2
Oakdale,Louisana,"Schools, Shelly W.",174,21.3,0,78.7
Oakdale,Louisana,"Martz, Nicholas A.",144,22.2,2.1,75.7
Oakdale,Louisana,"Espinal, Pedro J.",170,53.5,0.6,45.9
Oakdale,Louisana,"Taylor, Brock E.",186,53.8,0.5,45.7
,,,,,,
Omaha,Nebraska,"Larsen, Alexandra R.",521,2.7,1.5,95.8
Omaha,Nebraska,"Meyer, Abby L.",871,4,3.6,92.4
Omaha,Nebraska,"Morrissey, Matthew E.",682,4.1,10.9,85
Omaha,Nebraska,"Anderson, Jack L.",201,12.4,3.5,84.1
Omaha,Nebraska,"Paul, Nancy J.",134,13.4,3,83.6
,,,,,,
Orlando,Florida,"Lippman, Daniel",271,8.1,1.1,90.8
Orlando,Florida,"Chapman, Kevin J.",829,11.7,0.4,87.9
Orlando,Florida,"Alberdi, Yon K.",738,14.9,1.8,83.3
Orlando,Florida,"Karden, Stuart F.",515,15.1,1.7,83.1
Orlando,Florida,"Page-Lozano, Jennifer Leigh",519,17.9,1.9,80.2
Orlando,Florida,"Ghartey, Victoria L.",577,19.8,0.5,79.7
Orlando,Florida,"Grim, James",454,22,0.7,77.3
Orlando,Florida,"Harris, Monique",474,23.2,1.1,75.7
Orlando,Florida,"Lang, Elizabeth G.",157,51,1.9,47.1
,,,,,,
Otay Mesa,California,"Simpson, Scott",127,17.3,1.6,81.1
Otay Mesa,California,"Halliday-Roberts, Catherine",262,23.3,1.9,74.8
Otay Mesa,California,"DePaolo, Zsa Zsa",116,25.9,1.7,72.4
Otay Mesa,California,"Attia, Olga E.",151,22.5,5.3,72.2
Otay Mesa,California,"Partida, Ana",193,36.8,2.1,61.1
Otay Mesa,California,"Burch, Valerie A.",185,41.1,4.9,54.1
,,,,,,
Pearsall,Texas,"McKee, Robert R.",434,15.2,3,81.8
Pearsall,Texas,"Tyrakoski, Meredith B.",143,20.3,0,79.7
Pearsall,Texas,"Paulissen, Walter L.",290,17.6,9,73.4
Pearsall,Texas,"Martinez, Elizabeth",130,21.5,6.2,72.3
Pearsall,Texas,"Alcorn, Stuart Douglas",493,20.9,8.3,70.8
,,,,,,
Philadelphia,Pennsylvania,"Golparvar, Kuyomars Q.",161,14.3,5,80.7
Philadelphia,Pennsylvania,"Hoover, Forrest W., III",124,33.1,0.8,66.1
Philadelphia,Pennsylvania,"Lee, Mary C.",881,36.4,1.2,62.3
Philadelphia,Pennsylvania,"Malloy, Rosalind K.",408,40.4,1,58.6
Philadelphia,Pennsylvania,"Carle, John B.",885,42.3,1.4,56.4
Philadelphia,Pennsylvania,"Scott, Joseph C.",391,44.2,2,53.7
Philadelphia,Pennsylvania,"Verma, Dinesh C.",184,47.3,1.1,51.6
Philadelphia,Pennsylvania,"Ehlers, Patrick J.",267,49.4,0,50.6
Philadelphia,Pennsylvania,"Morley, Steven A.",612,48.7,4.1,47.2
Philadelphia,Pennsylvania,"Honeyman, Charles M.",271,56.8,1.8,41.3
Philadelphia,Pennsylvania,"Kulick, Dawn",111,60.4,0,39.6
Philadelphia,Pennsylvania,"Garcy, Annie S.",360,62.5,0.6,36.9
,,,,,,
Phoenix,Arizona,"Bartlemay, Robert C., Sr.",218,10.6,1.8,87.6
Phoenix,Arizona,"Spencer-Walters, Linda Inez",333,8.4,5.1,86.5
Phoenix,Arizona,"Sharda, Munish",279,10.8,4.3,84.9
Phoenix,Arizona,"Imburgia, Joseph S.",123,14.6,4.1,81.3
Phoenix,Arizona,"Karlen, Melissa Beth",213,16.9,2.3,80.8
Phoenix,Arizona,"Cottor, Elizabeth A",289,17.6,1.7,80.6
Phoenix,Arizona,"Cortes, John W.",223,19.7,0.9,79.4
Phoenix,Arizona,"Arellano, Silvia R.",148,26.4,1.4,72.3
Phoenix,Arizona,"Freerks, LaMonte S.",262,24.8,3.1,72.1
,,,,,,
Portland,Oregon,"Truman, Phillip M.",213,7.5,0,92.5
Portland,Oregon,"Greer, Christopher M.",229,10.5,2.6,86.9
Portland,Oregon,"Hoeppner, Mindy E.",657,20.7,1.2,78.1
Portland,Oregon,"Anderson, David C.",204,21.1,1,77.9
Portland,Oregon,"Zanfardino, Richard",629,24,1.6,74.4
Portland,Oregon,"Evans, David W.",136,31.6,0.7,67.6
Portland,Oregon,"Lyons, Joren",510,39.6,0.8,59.6
Portland,Oregon,"Lemke, Kathy J.",127,59.8,1.6,38.6
,,,,,,
Sacramento,California,"Halperin, Ravit R.",112,10.7,0,89.3
Sacramento,California,"Roberts, Lindsy M.",102,23.5,2,74.5
Sacramento,California,"Hitesman, Jonathan W.",111,45.9,0,54.1
Sacramento,California,"Terrazas, Gilda M",100,46,0,54
Sacramento,California,"Geisse, Loreto S.",271,71.6,0.4,28
Sacramento,California,"Phan, Susan",178,74.2,0,25.8
Sacramento,California,"Neumeister, David",345,71.9,5.5,22.6
Sacramento,California,"Maggard, Robert P.",314,95.2,0.6,4.1
,,,,,,
San Antonio,Texas,"Harlow, Craig A.",343,27.1,5.8,67.1
San Antonio,Texas,"Adams, Justin",190,33.7,4.2,62.1
San Antonio,Texas,"Newaz, Rifian S.",380,37.4,2.4,60.3
San Antonio,Texas,"Martin, Clay Nelson",123,37.4,3.3,59.3
San Antonio,Texas,"Crossan, Thomas G., Jr.",205,29.8,11.2,59
San Antonio,Texas,"Martinez, Anibal D.",201,33.3,8,58.7
San Antonio,Texas,"McCullough, Charles M.",516,35.9,9.1,55
San Antonio,Texas,"Tyrakoski, Meredith B.",193,40.4,6.7,52.8
San Antonio,Texas,"Gonzalez, Yvonne",411,44,5.4,50.6
San Antonio,Texas,"Tijerina, Eric J.",341,44.6,5.9,49.6
San Antonio,Texas,"Lafuente-Gaona, Cynthia",147,53.1,12.2,34.7
San Antonio,Texas,"Burkhart, Margaret D.",182,57.1,19.8,23.1
San Antonio,Texas,"Santander, Daniel J.",116,71.6,12.9,15.5
,,,,,,
San Diego,California,"Bither, Christine A.",265,7.5,0.4,92.1
San Diego,California,"Renner, Renee L.",149,9.4,0.7,89.9
San Diego,California,"O'Connor, Lee A.",324,14.2,1.9,84
San Diego,California,"Law, Philip S.",644,14,2.3,83.7
San Diego,California,"Romig, Jeffrey L.",483,13.9,6,80.1
San Diego,California,"Ipema, Henry P., Jr.",211,19.4,0.5,80.1
San Diego,California,"DeVitto, James Alan",387,24.8,1,74.2
San Diego,California,"Grande, Guy G.",313,29.1,2.2,68.7
San Diego,California,"Bartolomei, Richard J., Jr",217,35,5.1,59.9
San Diego,California,"Simpson, Scott",140,38.6,2.9,58.6
San Diego,California,"Clemente, Jesus",326,13.2,31,55.8
San Diego,California,"Partida, Ana",142,47.9,0,52.1
,,,,,,
San Francisco,California,"Aina, Nathan N.",238,4.6,3.8,91.6
San Francisco,California,"Halperin, Ravit R.",248,22.2,0,77.8
San Francisco,California,"Nelson, Julie L.",685,23.2,2,74.7
San Francisco,California,"Caborn, Andrew J.",665,31.9,1.1,67.1
San Francisco,California,"Morwood, Dion A.",165,39.4,0,60.6
San Francisco,California,"Simmons, Gregory L.",556,39.2,3.1,57.7
San Francisco,California,"Nava, Marlem",129,44.2,1.6,54.3
San Francisco,California,"Phan, Susan",1237,46.3,1.1,52.5
San Francisco,California,"Seminerio, Frank A.",855,49,0.1,50.9
San Francisco,California,"O'Brien, Patrick S.",860,49,0.5,50.6
San Francisco,California,"Burch, Valerie A.",124,44.4,6.5,49.2
San Francisco,California,"Ford, Nicholas R",702,47.4,4.6,48
San Francisco,California,"Lake, Kelly B.",474,46.2,6.5,47.3
San Francisco,California,"Park, Joseph Y.",661,50.7,2.1,47.2
San Francisco,California,"Picton, Cory M.",579,52,2.1,45.9
San Francisco,California,"Gambill, Scott D.",1176,54,0.5,45.5
San Francisco,California,"Pierce, Curtis F.",322,65.8,0.9,33.2
San Francisco,California,"Masterson, Jason R.",283,66.4,1.1,32.5
San Francisco,California,"Jefferson-Webb, Lettricea L.",409,68.7,0,31.3
San Francisco,California,"Shugall, Ilyce",231,66.2,2.6,31.2
San Francisco,California,"Star, Shadee M.",857,68.3,2.9,28.8
San Francisco,California,"Kirchner, Steven M.",593,71,0.2,28.8
San Francisco,California,"Paulino, Robin K.",687,69.9,2.2,27.9
San Francisco,California,"McCleskey, Loi L.",358,71.2,1.4,27.4
San Francisco,California,"Young, Elizabeth L.",531,69.5,3.4,27.1
San Francisco,California,"Jamil, Rebecca",180,77.2,0.6,22.2
San Francisco,California,"Slayton, Michelle A.",123,78,0,22
San Francisco,California,"Figueroa, Laura C.",729,76.8,2.3,20.9
San Francisco,California,"Butler, Jeremy J.",689,79.5,0.3,20.2
San Francisco,California,"Greene, Charles S., III.",1091,76.4,3.6,20.1
San Francisco,California,"Geisse, Loreto S.",459,76.3,3.9,19.8
San Francisco,California,"Swink, Arwen A.",1090,78.8,1.7,19.4
San Francisco,California,"Ramirez, Laura L.",163,81,0.6,18.4
San Francisco,California,"Little, Anna C.",716,81.3,1.4,17.3
San Francisco,California,"Schulz, Karen W.",419,82.3,0.5,17.2
San Francisco,California,"Jackson, Jacqueline J.",465,80.9,2.4,16.8
San Francisco,California,"Price, Justin M.",930,85.8,1.3,12.9
San Francisco,California,"Johnson, Jeremiah",1204,86.5,1,12.5
San Francisco,California,"Marks, Dana Leigh",494,88.7,1.4,9.9
San Francisco,California,"Deiss, Ila C.",1796,91.2,1.3,7.5
San Francisco,California,"Savage, Patrick S.",1071,92.8,0.8,6.3
San Francisco,California,"Riedthaler-Williams, Jennifer M.",117,86.3,7.7,6
San Francisco,California,"George, Amber D",710,93.7,0.4,5.9
San Francisco,California,"Hayward, Miriam R.",183,95.1,0,4.9
San Francisco,California,"Gordon, Louis A.",545,96,0.2,3.9
San Francisco,California,"Davis, Howard R.",141,96.5,0,3.5
San Francisco,California,"Kim, Samuel Y.",184,92.4,4.9,2.7
San Francisco,California,"Chen, Shuting",309,97.7,0,2.3
